683.0 470.0
519.0 473.0
481.0 298.0
579.0 439.0
384.0 509.0
507.0 400.0
222.64321548861125 180.93552458294207
161.22319912952096 246.41043648725147
255.15651289516327 161.71981650201866
236.89960072030564 112.22586435538405
235.17137929239908 288.47627592616857
183.83163117975818 179.56505887651178
232.78464625087636 282.47001101339595
105.3958697968211 187.38085452167437
139.75686684317466 137.46662180959822
279.34501479044764 244.411353381037
154.8947396147516 201.38104957451097
189.44666457652096 284.0054414885653
131.51562518256083 106.72265656247684
199.18769500258986 223.82669533145403
225.91629809948898 277.28414438851587
115.15780375092825 120.48092315310193
217.21331204699422 240.2795139280758
272.29603435552093 288.9952403137979
156.6178068850387 281.14432468322536
214.00442786664343 143.2095333527209
248.15273601731877 292.46908792576585
137.20327879985635 205.52385725422386
263.01592008597106 189.04464063007634
225.72274892097806 133.07824736061923
146.23761202015476 187.7560273355556
204.99596963679056 112.32412859518932
186.9765438992576 184.06927723022508
116.83897902242195 185.07935163263073
192.74379543998606 196.11329828738906
235.17322958679165 186.54176811101956
133.03905962032275 192.86686259179356
221.86672933860928 199.36895140223425
299.3292929564187 174.71854163721417
256.440073021854 157.8145930791072
165.99494180098088 132.6751961626883
164.2041057343984 272.0447931211679
230.81431916379913 276.752482359213
114.46609975678723 285.1404296668659
163.75203054816166 294.58864409009936
263.7617789116849 223.92449040565543
199.26258234870258 178.08063104724954
178.64074776567853 259.6360539780165
270.0156908852973 138.84947644493568
188.35324204251793 155.60555283746015
298.895120636545 122.59956008690185
189.85639120331615 146.46856400960442
141.3181166851594 227.94436517009817
255.87853817748817 167.08837929546303
101.36790615549991 137.02894541730117
281.3504844296856 129.24031029530033
132.92701954659822 273.28731898096214
244.33268979246594 230.24347956641313
180.94443859119266 215.93068773658325
254.63809355162294 270.10874621371124
218.16498843617913 121.27027854731921
216.67008742368472 252.40419170879122
189.09463965767 127.73632940214927
242.56596700590433 148.92233020760403
285.6707142735694 154.46266755666036
117.55607720482897 219.36616040855154
148.05127432846504 142.5640108440834
141.5194613658823 294.6538483433476
109.1333846531789 233.7410767944498
149.03702660786297 156.07476780475992
282.85509859454703 232.60623489698884
244.81352306978044 172.412305847754
134.03145629195419 157.13041707440675
182.16006498789238 293.2818073558675
161.42005645052404 145.869681378473
159.29904076263978 139.3146949568635
275.9070612219965 261.13771666432876
111.57381846693069 278.4526920624178
162.1497661090218 204.04832988873113
137.2157376575907 232.49891139349143
174.7073511754511 240.35985582710651
110.14132234581653 119.20533115473498
138.63647658357732 125.31111676818185
205.32293797995356 102.55897630635455
199.72394528325572 111.14649011838532
190.59639630648383 197.56204255731166
200.9738255370528 222.78540653934493
123.33936944926056 255.6838941021227
149.66177212415013 295.09936714367234
131.27473860952057 143.29570527390277
183.21461380857892 179.51750227979926
253.72334629351505 217.78140880145835
242.3685889647081 248.189352491338
272.9509634544571 204.65135062192212
761.0 546.0
646.0 610.0
