595.0 481.0
759.0 471.0
458.0 342.0
523.0 431.0
364.0 589.0
495.0 545.0
735.0 277.0
412.0 368.0
192.0 334.0
414.0 353.0
761.0 691.0
331.0 403.0
219.7481403335786 200.11044866138394
159.58598735441439 109.80971378604744
116.09107597057127 233.21929882561298
243.75247239009448 230.9106388661056
110.40188990194815 101.01350593093186
298.2090025264748 182.82109578163613
284.27002542712796 195.36327055576305
180.10491994429714 286.04451987250627
262.3942252884214 251.81582674356818
175.23676319940614 182.05071700735658
142.9135983768655 219.4585314452521
220.54788865091137 132.24973476649734
100.2242853546869 104.75206735006725
157.27098495773907 180.27001797476106
293.8326434042302 202.81665056009723
146.0183787061079 105.18376506167351
251.36635817249734 159.53649939118674
212.8204521300255 151.33002681218895
284.68510363393364 243.98104045823376
289.05764605098756 184.64407001547374
145.10274017543696 253.02383552290118
258.42699267766216 195.90922159165626
227.05328161447113 218.67318751901638
230.529264080821 148.10527591307954
189.10324727498696 143.51118001480376
123.358366130276 248.03535379905867
277.03332214919186 150.7706284100031
255.91963653755704 211.6709056560934
105.78248550674343 102.962347581229
227.39928631367167 188.16238624147996
185.36817151503044 116.59789695159553
290.75233122562634 109.22089023917034
260.4662786002266 280.4357706078497
116.27183116372387 138.58391102694588
174.1552096691925 270.81177069329317
284.6474082407963 210.53616702770933
263.39835556778644 249.99731104899055
249.2165135262796 166.96423220285277
247.15986007750493 232.16189990110328
263.5570214550213 129.18156320640955
177.61868229499896 206.39914500434747
283.2652309637815 273.76833712738005
290.76641399785706 117.40827790996728
119.70853996273297 120.92820821703796
114.74456556003214 121.8060347602389
148.73738187972305 189.37210358277363
172.59728891582523 161.67663107039658
258.7864458797734 223.49678531392186
250.6859149544923 226.85020547791055
260.49033766944024 156.63388474842117
294.83199819904326 113.53310230655968
273.8842537103005 138.40280496075184
143.32573897916495 229.29608021925839
259.45560142171814 124.7087907304016
109.25711574240236 243.05934972838122
265.75766445949955 105.68519976639617
284.1973248621546 133.59615456748455
128.99184138960112 229.886893702048
151.0783860107747 251.20947156779783
278.91029060451416 272.2994400745895
266.1891739024893 174.61918257666485
180.58605673919385 289.23660233651594
198.52634222749776 218.7298416288283
173.0431278485283 104.95649225693803
199.30905396984258 228.832043224593
253.43417257332044 282.83447281903244
215.28659354612608 182.92322628846787
299.3990248337926 248.18878753166672
256.5383765640065 116.21640992904887
122.43224276267406 250.36267678784264
182.7861067007856 180.53839687816628
201.53346531932687 278.42452484766545
281.80816618745234 256.2015729303457
159.10956205167147 277.8554367048982
179.3666683046102 245.06643413931369
210.0428320427041 254.85149204753756
242.12783688519298 190.894595214833
140.03494196756844 100.37557300938103
113.37680411776412 296.7250622621319
250.78146528153306 217.85171841839593
155.8980809581869 138.88911750953866
147.2273402413407 296.4025346498679
167.21342639114928 113.41222261244033
236.0987166264836 235.78816519584964
179.4390534120599 192.93398855227886
155.10216532411215 299.71307373950697
259.3444125916102 220.91010097605528
258.62730949135283 250.92470007470286
183.76519142005378 224.74302871683895
148.48448594076993 104.53586291432143
281.34340896647757 190.6209212433056
257.1541725993494 225.26065616912368
203.63780318814713 210.227170252779
266.220328683749 189.76127425354088
116.96807864454178 283.11572085353885
274.10508032283315 137.06116634150828
190.92679083323173 138.43017046075806
114.91745303105118 237.98758704963572
100.31307730048282 225.777371748268
274.1742944278942 228.8645509910566
154.31267295472725 117.44923196001466
247.34668397346766 275.1848894805563
220.06895968857165 162.8190636429511
143.63049490741037 157.74803217767067
217.36020445529334 140.62170699738766
250.03521100658116 106.7578773968582
226.9183045430174 265.9595565794194
139.83017508245493 148.6329493541807
176.99482634624664 226.25918568184397
134.58298880681255 175.78884656865375
251.10031032460768 144.03641509859898
110.46990637486954 101.41081961796698
194.41319987997426 294.21016446540756
177.23355745000376 219.24210395681374
187.17506437439746 239.83845201938706
252.10849742914505 252.67144308695651
100.45904731413881 192.53262008642963
201.2304696458677 147.911074981849
153.01881693024785 252.43870890226864
227.49054686374024 242.8142815721218
247.4956296458885 137.55768082574642
146.49067413923447 225.88929808222554
180.0814044524421 273.30912220738145
111.20241582009818 289.3244109892406
289.80599570401614 280.6256383352776
221.12597271596718 275.346620788446
141.9371909670827 174.49823053781952
283.1920227319421 216.99428313262433
124.55234634832566 164.77559768785665
179.34393721737968 282.3918288377859
178.16066442291668 237.15307942846533
239.68366082669635 145.87250933672294
275.32573906123383 284.66999251656796
120.25941145161016 229.80293165893434
120.5580135569251 258.66662393684396
141.0190485566349 287.72096274307546
250.3173351198335 213.03520477785509
252.14796205404105 232.40637300433107
278.78592210210394 226.73188533406875
165.95593119077688 151.76143107002278
257.14252937238774 206.89953537818258
116.67243745788994 100.88644519374522
192.38880003452832 298.5840801959863
191.9554541959438 110.4930793497494
106.3491275545787 256.9098173525809
217.61392899160455 109.80609081026924
206.28572892626218 273.7120005443311
170.98950891882464 126.36192919809622
185.64084411425443 193.00785674009632
248.63838416126939 195.62041948610565
176.73836345294683 198.3198558874176
220.39942169919226 290.063681136937
236.84743896195775 109.74803605784184
164.63011696082512 260.46409530711276
264.83104675112145 189.8208990235476
298.3371049697298 271.26105524212187
117.67262455494978 224.53722230530437
191.1234429165673 107.4939805880169
224.49438018399246 219.64398238166694
183.31998931854625 232.49696024550303
180.25108706398584 132.07832483141647
116.36372990232438 183.56812449203107
242.1034888194282 242.63440699558518
127.43100259133718 207.08468871578796
148.5458320067103 268.2987180117382
260.52909094166546 155.04247777643974
234.6822544713332 111.33023621826644
202.6947823889333 191.75642311476093
226.61712210100683 247.0447593293159
166.64394595854523 192.46650707450794
163.74475909829542 163.3953245137955
210.16141932963237 254.8512876065223
219.79422219251816 182.82368188155664
107.71577853051642 289.9590199598173
171.80517911822253 220.4903898957201
271.22899938844387 210.8242319064005
100.78124434164626 162.87410233749804
154.62622072860088 195.04536079234182
198.58737790320782 186.86326263020078
270.7361219832354 261.8569030710336
102.72834219691782 281.84637121374806
199.30785617294362 174.73733180573373
183.965486187175 285.9396700651064
171.35569639258188 257.35187943312604
271.29944492201366 102.3740735486995
177.73784905636694 293.6370247671058
214.66664165461935 223.19574831801646
268.82129897355037 272.0914270527247
257.7678498388043 254.81785766946265
187.2797639329741 129.84580292983946
221.76723853775604 213.59350508370113
107.51723432179749 253.842047090277
185.17090130659363 139.46290460146832
242.90476598030716 104.45976315196953
286.0138361386513 261.86058671669696
225.96367969975873 141.18611603434547
269.55499602375846 144.4512262459977
266.8234577537311 250.4328180628931
258.00006369260177 133.89547997223383
151.7280514049597 102.36176052937171
