501.0 443.0
222.0 440.0
355.0 341.0
441.0 340.0
628.0 342.0
535.0 341.0
345.0 556.0
348.0 561.0
349.0 561.0
349.0 561.0
353.0 563.0
361.0 567.0
361.0 567.0
367.0 570.0
367.0 570.0
369.0 571.0
370.0 571.0
370.0 572.0
372.0 572.0
375.0 574.0
383.0 579.0
385.0 580.0
386.0 580.0
386.0 580.0
389.0 581.0
394.0 582.0
396.0 582.0
397.0 582.0
397.0 582.0
398.0 582.0
401.0 583.0
401.0 583.0
402.0 583.0
404.0 584.0
406.0 585.0
408.0 586.0
411.0 587.0
415.0 589.0
417.0 590.0
421.0 590.0
422.0 590.0
424.0 591.0
429.0 592.0
430.0 592.0
430.0 592.0
431.0 592.0
432.0 592.0
434.0 592.0
434.0 592.0
437.0 595.0
437.0 595.0
440.0 598.0
449.0 601.0
467.0 604.0
467.0 600.0
472.0 600.0
473.0 600.0
473.0 600.0
475.0 602.0
478.0 603.0
483.0 603.0
493.0 604.0
493.0 604.0
494.0 604.0
496.0 604.0
497.0 604.0
499.0 604.0
501.0 604.0
502.0 604.0
503.0 604.0
505.0 604.0
510.0 604.0
511.0 604.0
512.0 604.0
514.0 604.0
515.0 604.0
516.0 604.0
518.0 604.0
521.0 604.0
523.0 602.0
524.0 602.0
533.0 600.0
534.0 600.0
550.0 597.0
551.0 597.0
558.0 596.0
560.0 595.0
560.0 595.0
561.0 595.0
562.0 594.0
563.0 594.0
564.0 594.0
566.0 593.0
567.0 593.0
568.0 592.0
569.0 592.0
572.0 591.0
572.0 591.0
581.0 589.0
582.0 588.0
588.0 587.0
590.0 587.0
590.0 587.0
590.0 586.0
600.0 582.0
600.0 582.0
601.0 582.0
602.0 581.0
608.0 579.0
609.0 578.0
609.0 578.0
609.0 578.0
609.0 577.0
612.0 576.0
618.0 573.0
619.0 572.0
620.0 572.0
620.0 572.0
622.0 572.0
628.0 570.0
629.0 569.0
630.0 569.0
632.0 567.0
638.0 565.0
639.0 564.0
642.0 562.0
643.0 562.0
643.0 562.0
645.0 560.0
647.0 560.0
651.0 559.0
651.0 559.0
652.0 558.0
652.0 558.0
652.0 558.0
652.0 558.0
662.0 554.0
664.0 554.0
668.0 551.0
668.0 551.0
668.0 551.0
494.0 453.0
